0220000028  1002ACRC 100                  40.000 20160417  20160418   3 ACRC 100          0M-61000C         2101771-002            316.000          450.000         350.000 000000000002000012     2500.000      2500.000           3.000           2.000         3.670 02      54.50 20
0220000028  1002ACRC 100                  40.000 20160417  20160418   3                                     2101771-002            316.000          450.000         350.000 000000000002040034        0.000         0.000           3.000           2.000         3.670 01     275.00 20
0220000028  1002ACRC 100                  40.000 20160417  20160418   3                   0M-61001A         2102966-002       0.000                 900.000         760.000                           0.000         0.000           0.000           0.000         0.000 00       0.00  0
0220000028  1002ACRC 100                  40.000 20160417  20160418   3                   OM-61003B         2102979-001       0.000                 650.000         450.000                           0.000         0.000           0.000           0.000         0.000 00       0.00  0
0220000028  1002ACRC 100                  40.000 20160417  20160418   3                                     2103068-BRT       0.000                 650.000         450.000                           0.000         0.000           0.000           0.000         0.000 00       0.00  0
0220000028  1002ACRC 100                  40.000 20160417  20160418   3                                     870-10728E             316.000          653.000         208.000 000000000002000011     1900.000      1900.000           6.000           2.000         2.430 00      54.50 20
0220000028  1002ACRC 100                  40.000 20160417  20160418   3                                     870-10734D        0.000                 750.000         320.000                           0.000         0.000           0.000           0.000         0.000 00       0.00  0
0220000028  1002ACRC 100                  40.000 20160417  20160418   3                                     870-11401B        0.000                 499.600          46.080                           0.000         0.000           0.000           0.000         0.000 00       0.00  0
0220000028  1002ACRC 100                  40.000 20160417  20160418   3                                     870-11759A        0.000                 233.000          58.000                           0.000         0.000           0.000           0.000         0.000 00       0.00  0
0220000028  1002ACRC 100                  40.000 20160417  20160418   3                                     870-11760A        0.000                 125.000          58.000                           0.000         0.000           0.000           0.000         0.000 00       0.00  0
0220000028  1002ACRC 100                  40.000 20160417  20160418   3                                     870-11761         0.000                 120.000          41.000                           0.000         0.000           0.000           0.000         0.000 00       0.00  0
0220000028  1002ACRC 100                  40.000 20160417  20160418   3                                     870-80001A        0.000                 300.000         125.000                           0.000         0.000           0.000           0.000         0.000 00       0.00  0
0220000029  1002ACRC 100                  40.000 20160417  20160418   3 ACRC 100          0M-61000C         2101771-002            320.000          450.000         350.000 000000000002000012     2500.000      2500.000           3.000           2.000         3.670 02      54.50 20
0220000029  1002ACRC 100                  40.000 20160417  20160418   3                                     2101771-002            320.000          450.000         350.000 000000000002040034        0.000         0.000           3.000           2.000         3.670 01     275.00 20
0220000029  1002ACRC 100                  40.000 20160417  20160418   3                   0M-61001A         2102966-002       0.000                 900.000         760.000                           0.000         0.000           0.000           0.000         0.000 00       0.00  0
0220000029  1002ACRC 100                  40.000 20160417  20160418   3                   OM-61003B         2102979-001       0.000                 650.000         450.000                           0.000         0.000           0.000           0.000         0.000 00       0.00  0
0220000029  1002ACRC 100                  40.000 20160417  20160418   3                                     2103068-BRT       0.000                 650.000         450.000                           0.000         0.000           0.000           0.000         0.000 00       0.00  0
0220000029  1002ACRC 100                  40.000 20160417  20160418   3                                     870-10728E             474.000          653.000         208.000 000000000002000011     1900.000      1900.000           6.000           2.000         2.430 00      54.50 20
0220000029  1002ACRC 100                  40.000 20160417  20160418   3                                     870-10734D        0.000                 750.000         320.000                           0.000         0.000           0.000           0.000         0.000 00       0.00  0
0220000029  1002ACRC 100                  40.000 20160417  20160418   3                                     870-11401B              77.000          499.600          46.080                           0.000         0.000           0.000           0.000         0.000 00       0.00  0
0220000029  1002ACRC 100                  40.000 20160417  20160418   3                                     870-11759A             134.000          233.000          58.000 000000000002000001     2000.000      2000.000           4.000           1.000         3.000 01      42.50 20
0220000029  1002ACRC 100                  40.000 20160417  20160418   3                                     870-11759A             134.000          233.000          58.000 000000000002001001        0.000         0.000           4.000           1.000         3.000 02      40.00 20
0220000029  1002ACRC 100                  40.000 20160417  20160418   3                                     870-11760A             201.000          125.000          58.000 000000000002000007     1800.000      1800.000           3.250           1.500         6.000 01      42.50 20
0220000029  1002ACRC 100                  40.000 20160417  20160418   3                                     870-11760A             201.000          125.000          58.000 000000000002001011        0.000         0.000           2.500           1.500         5.000 02      40.00 20
0220000029  1002ACRC 100                  40.000 20160417  20160418   3                                     870-11761              134.000          120.000          41.000 000000000002000001     2000.000      2000.000           4.000           1.000         3.000 01      42.50 20
0220000029  1002ACRC 100                  40.000 20160417  20160418   3                                     870-11761              134.000          120.000          41.000 000000000002001001        0.000         0.000           4.000           1.000         3.000 02      40.00 20
0220000029  1002ACRC 100                  40.000 20160417  20160418   3                                     870-80001A              67.000          300.000         125.000                           0.000         0.000           0.000           0.000         0.000 00       0.00  0
0220000030  1002ACRC 100                  40.000 20160417  20160418   3 ACRC 100          0M-61000C         2101771-002            320.000          450.000         350.000 000000000002000012     2500.000      2500.000           3.000           2.000         3.670 02      54.50 20
0220000030  1002ACRC 100                  40.000 20160417  20160418   3                                     2101771-002            320.000          450.000         350.000 000000000002040034        0.000         0.000           3.000           2.000         3.670 01     275.00 20
0220000030  1002ACRC 100                  40.000 20160417  20160418   3                   0M-61001A         2102966-002             39.000          900.000         760.000                           0.000         0.000           0.000           0.000         0.000 00       0.00  0
0220000030  1002ACRC 100                  40.000 20160417  20160418   3                   OM-61003B         2102979-001            117.000          650.000         450.000                           0.000         0.000           0.000           0.000         0.000 00       0.00  0
0220000030  1002ACRC 100                  40.000 20160417  20160418   3                                     2103068-BRT             78.000          650.000         450.000                           0.000         0.000           0.000           0.000         0.000 00       0.00  0
0220000030  1002ACRC 100                  40.000 20160417  20160418   3                                     870-10728E             480.000          653.000         208.000 000000000002000011     1900.000      1900.000           6.000           2.000         2.430 00      54.50 20
0220000030  1002ACRC 100                  40.000 20160417  20160418   3                                     870-10734D             156.000          750.000         320.000                           0.000         0.000           0.000           0.000         0.000 00       0.00  0
0220000030  1002ACRC 100                  40.000 20160417  20160418   3                                     870-11401B              80.000          499.600          46.080                           0.000         0.000           0.000           0.000         0.000 00       0.00  0
0220000030  1002ACRC 100                  40.000 20160417  20160418   3                                     870-11759A             160.000          233.000          58.000 000000000002000001     2000.000      2000.000           4.000           1.000         3.000 01      42.50 20
0220000030  1002ACRC 100                  40.000 20160417  20160418   3                                     870-11759A             160.000          233.000          58.000 000000000002001001        0.000         0.000           4.000           1.000         3.000 02      40.00 20
0220000030  1002ACRC 100                  40.000 20160417  20160418   3                                     870-11760A             240.000          125.000          58.000 000000000002000007     1800.000      1800.000           3.250           1.500         6.000 01      42.50 20
0220000030  1002ACRC 100                  40.000 20160417  20160418   3                                     870-11760A             240.000          125.000          58.000 000000000002001011        0.000         0.000           2.500           1.500         5.000 02      40.00 20
0220000030  1002ACRC 100                  40.000 20160417  20160418   3                                     870-11761              160.000          120.000          41.000 000000000002000001     2000.000      2000.000           4.000           1.000         3.000 01      42.50 20
0220000030  1002ACRC 100                  40.000 20160417  20160418   3                                     870-11761              160.000          120.000          41.000 000000000002001001        0.000         0.000           4.000           1.000         3.000 02      40.00 20
0220000030  1002ACRC 100                  40.000 20160417  20160418   3                                     870-80001A              80.000          300.000         125.000                           0.000         0.000           0.000           0.000         0.000 00       0.00  0
0220000032  1002870-80001A                10.000 20160419  20160425   3                                     870-11759A        0.000                 233.000          58.000                           0.000         0.000           0.000           0.000         0.000 00       0.00  0
0220000032  1002870-80001A                10.000 20160419  20160425   3                                     870-11760A        0.000                 125.000          58.000                           0.000         0.000           0.000           0.000         0.000 00       0.00  0
0220000032  1002870-80001A                10.000 20160419  20160425   3                                     870-11761         0.000                 120.000          41.000                           0.000         0.000           0.000           0.000         0.000 00       0.00  0
