Order No|Item|Plant|Order Req|Forecast Date|Req Delivery Date|Mfg Lead time|KIT Material|FG Material|FG Net Req|SFG Material|SFG Net Req|FG/SFG Length|FG/SFG Breadth|Raw Material|RM Length|RM Breadth|RM Thickness|RM Density|RM Qty/Set|Priority|Moving Average Price|RM Lead Time
791600000000|000010|1003|         2.000 |29.04.2016|29.04.2016| 0 |                  |0M-6489G          |       2.000 |0M-3954E          |       2.000 |          0.000 |          0.000 |                  |        0.000 |        0.000 |          0.000 |          0.000 |        0.000 |00|       0.00 | 0
791600000000|000010|1003|         2.000 |29.04.2016|29.04.2016| 0 |                  |                  |             |0M-6387B          |       8.000 |          0.000 |          0.000 |                  |        0.000 |        0.000 |          0.000 |          0.000 |        0.000 |00|       0.00 | 0
791600000000|000010|1003|         2.000 |29.04.2016|29.04.2016| 0 |                  |                  |             |870-10728E        |       2.000 |        653.000 |        208.000 |000000000002110002|     2500.000 |     1250.000 |          2.000 |       7850.000 |        2.130 |01|      52.00 |45
791600000000|000010|1003|         2.000 |29.04.2016|29.04.2016| 0 |                  |                  |             |870-10728E        |       2.000 |        653.000 |        208.000 |000000000002110006|        0.000 |        0.000 |          2.000 |       7850.000 |        2.130 |02|      44.50 |45
791600000000|000010|1003|         2.000 |29.04.2016|29.04.2016| 0 |                  |                  |             |870-10733D        |       2.000 |       1955.000 |        165.000 |000000000002110001|     2000.000 |     1250.000 |          1.500 |       7850.000 |        4.200 |01|      52.00 |45
791600000000|000010|1003|         2.000 |29.04.2016|29.04.2016| 0 |                  |                  |             |870-10733D        |       2.000 |       1955.000 |        165.000 |000000000002110015|        0.000 |        0.000 |          1.500 |       7850.000 |        4.200 |02|      44.50 |45
791600000000|000010|1003|         2.000 |29.04.2016|29.04.2016| 0 |                  |                  |             |870-10734D        |       2.000 |       1955.000 |        165.000 |000000000002110001|     2000.000 |     1250.000 |          1.500 |       7850.000 |        4.200 |01|      52.00 |45
791600000000|000010|1003|         2.000 |29.04.2016|29.04.2016| 0 |                  |                  |             |870-10734D        |       2.000 |       1955.000 |        165.000 |000000000002110015|        0.000 |        0.000 |          1.500 |       7850.000 |        4.200 |02|      44.50 |45
791600000000|000010|1003|         2.000 |29.04.2016|29.04.2016| 0 |                  |                  |             |870-10777D        |       2.000 |        602.000 |        120.500 |000000000002110001|     2500.000 |     1250.000 |          1.500 |       7850.000 |        0.840 |01|      52.00 |45
791600000000|000010|1003|         2.000 |29.04.2016|29.04.2016| 0 |                  |                  |             |870-10777D        |       2.000 |        602.000 |        120.500 |000000000002110015|        0.000 |        0.000 |          1.500 |       7850.000 |        0.840 |02|      44.50 |45
791600000000|000010|1003|         2.000 |29.04.2016|29.04.2016| 0 |                  |                  |             |870-11355A        |       6.000 |         74.000 |         44.550 |000000000002021127|     2500.000 |     1250.000 |          3.500 |       7850.000 |        0.091 |00|      33.50 | 2
791600000000|000010|1003|         2.000 |29.04.2016|29.04.2016| 0 |                  |                  |             |870-11356A        |       6.000 |         74.000 |         44.550 |000000000002021127|     2500.000 |     1250.000 |          3.500 |       7850.000 |        0.091 |00|      33.50 | 2
791600000000|000010|1003|         2.000 |29.04.2016|29.04.2016| 0 |                  |                  |             |870-11401B        |       2.000 |        499.600 |         46.080 |000000000002110001|     2500.000 |     1250.000 |          1.500 |       7850.000 |        0.273 |01|      52.00 |45
791600000000|000010|1003|         2.000 |29.04.2016|29.04.2016| 0 |                  |                  |             |870-11401B        |       2.000 |        499.600 |         46.080 |000000000002110015|        0.000 |        0.000 |          1.500 |       7850.000 |        0.273 |02|      44.50 |45
791600000000|000010|1003|         2.000 |29.04.2016|29.04.2016| 0 |                  |                  |             |870-11410C        |       2.000 |        294.000 |        159.400 |000000000002110002|     2500.000 |     1250.000 |          2.000 |       7850.000 |        0.820 |01|      52.00 |45
791600000000|000010|1003|         2.000 |29.04.2016|29.04.2016| 0 |                  |                  |             |870-11410C        |       2.000 |        294.000 |        159.400 |000000000002110006|        0.000 |        0.000 |          2.000 |       7850.000 |        0.820 |02|      44.50 |45
791600000000|000010|1003|         2.000 |29.04.2016|29.04.2016| 0 |                  |                  |             |870-11538         |       4.000 |         63.000 |         31.000 |000000000002020005|     2500.000 |     1250.000 |          2.000 |       7850.000 |        0.025 |01|      41.41 | 2
791600000000|000010|1003|         2.000 |29.04.2016|29.04.2016| 0 |                  |                  |             |870-11538         |       4.000 |         63.000 |         31.000 |000000000002021199|        0.000 |        0.000 |          2.000 |       7850.000 |        0.025 |02|      32.50 |35
791600000000|000010|1003|         2.000 |29.04.2016|29.04.2016| 0 |                  |                  |             |870-11759A        |       8.000 |        233.000 |         58.000 |000000000002020404|     2500.000 |     1250.000 |          6.000 |       7850.000 |        0.510 |00|      33.50 | 2
791600000000|000010|1003|         2.000 |29.04.2016|29.04.2016| 0 |                  |                  |             |870-11760A        |       8.000 |        125.000 |         58.000 |000000000002020194|     2500.000 |     1250.000 |          3.000 |       7850.000 |        0.080 |01|      33.50 | 2
791600000000|000010|1003|         2.000 |29.04.2016|29.04.2016| 0 |                  |                  |             |870-11761         |       8.000 |        120.000 |         41.000 |000000000002020010|     2500.000 |     1250.000 |          5.000 |       7850.000 |        0.220 |00|      33.50 | 2
